                    * c:\users\vansh\esim-workspace\a\a.cir
                    Transient Analysis  Tue Mar 08 01:26:28  2022
--------------------------------------------------------------------------------
Index   time            v1#branch       v2#branch       v3#branch       
--------------------------------------------------------------------------------
0	0.000000e+00	1.793559e-11	-1.70528e-03	-2.74622e-07	
1	1.000000e-06	-1.72032e-09	-1.70528e-03	-2.74628e-07	
2	2.000000e-06	-1.72113e-09	-1.70528e-03	-2.74628e-07	
3	4.000000e-06	-1.72217e-09	-1.70528e-03	-2.74628e-07	
4	8.000000e-06	-1.72323e-09	-1.70528e-03	-2.74628e-07	
5	1.600000e-05	-1.72634e-09	-1.70528e-03	-2.74628e-07	
6	3.200000e-05	-1.73150e-09	-1.70528e-03	-2.74628e-07	
7	6.400000e-05	-1.74253e-09	-1.70528e-03	-2.74628e-07	
8	1.280000e-04	-1.76243e-09	-1.70528e-03	-2.74628e-07	
9	2.280000e-04	-1.79106e-09	-1.70528e-03	-2.74628e-07	
10	3.280000e-04	-1.81452e-09	-1.70528e-03	-2.74628e-07	
11	4.280000e-04	-1.83518e-09	-1.70528e-03	-2.74627e-07	
12	5.280000e-04	-1.85095e-09	-1.70528e-03	-2.74627e-07	
13	6.280000e-04	-1.86447e-09	-1.70528e-03	-2.74627e-07	
14	7.280000e-04	-1.87416e-09	-1.70528e-03	-2.74627e-07	
15	8.280000e-04	-1.88352e-09	-1.70528e-03	-2.74626e-07	
16	9.280000e-04	-1.89255e-09	-1.70528e-03	-2.74625e-07	
17	1.028000e-03	-1.90861e-09	-1.70528e-03	-2.74625e-07	
18	1.094199e-03	-2.21989e-09	-1.70528e-03	-2.74625e-07	
19	1.133770e-03	-2.91179e-09	-1.70528e-03	-2.74627e-07	
20	1.174762e-03	-2.91369e-09	-1.70530e-03	-2.74628e-07	
21	1.199610e-03	-2.94798e-09	-1.70531e-03	-2.74629e-07	
22	1.235163e-03	-3.01459e-09	-1.70533e-03	-2.74630e-07	
23	1.306269e-03	-3.16158e-09	-1.70535e-03	-2.74631e-07	
24	1.352693e-03	-3.28729e-09	-1.70539e-03	-2.74617e-07	
25	1.380926e-03	-2.49295e-09	-1.70577e-03	-2.74407e-07	
26	1.391448e-03	-3.77120e-09	-1.70667e-03	-2.74149e-07	
27	1.397409e-03	-3.76116e-09	-1.70803e-03	-2.73832e-07	
28	1.403314e-03	-5.14217e-09	-1.71012e-03	-2.73416e-07	
29	1.408247e-03	-5.62144e-09	-1.71241e-03	-2.72885e-07	
30	1.410680e-03	-6.66766e-09	-1.71316e-03	-2.72712e-07	
31	1.414689e-03	-7.47889e-09	-1.71358e-03	-2.72005e-07	
32	1.417896e-03	-9.07106e-09	-1.71364e-03	-2.71390e-07	
33	1.421547e-03	-1.04150e-08	-1.71375e-03	-2.70262e-07	
34	1.426130e-03	-1.35306e-08	-1.71401e-03	-2.68605e-07	
35	1.432535e-03	-1.85651e-08	-1.71431e-03	-2.64907e-07	
36	1.439312e-03	-2.72823e-08	-1.71460e-03	-2.58980e-07	
37	1.452864e-03	-5.60671e-08	-1.71518e-03	-2.35764e-07	
38	1.462837e-03	-9.15597e-08	-1.71557e-03	-2.05014e-07	
39	1.468406e-03	-1.15481e-07	-1.71575e-03	-1.82199e-07	
40	1.472063e-03	-1.32943e-07	-1.71580e-03	-1.65788e-07	
41	1.473937e-03	-1.41451e-07	-1.71576e-03	-1.56916e-07	
42	1.475424e-03	-1.48914e-07	-1.71563e-03	-1.49970e-07	
43	1.476584e-03	-1.53983e-07	-1.71538e-03	-1.44318e-07	
44	1.477725e-03	-1.59761e-07	-1.71489e-03	-1.38992e-07	
45	1.478640e-03	-1.63585e-07	-1.71431e-03	-1.34488e-07	
46	1.479383e-03	-1.67457e-07	-1.71372e-03	-1.31115e-07	
47	1.480243e-03	-1.70915e-07	-1.71289e-03	-1.26875e-07	
48	1.481564e-03	-1.77311e-07	-1.71132e-03	-1.20868e-07	
49	1.483886e-03	-1.86881e-07	-1.70774e-03	-1.10022e-07	
50	1.486178e-03	-1.96768e-07	-1.70321e-03	-1.00083e-07	
51	1.489820e-03	-2.09960e-07	-1.69411e-03	-8.48033e-08	
52	1.494849e-03	-2.26606e-07	-1.67815e-03	-6.66243e-08	
53	1.500883e-03	-2.41260e-07	-1.65471e-03	-4.84245e-08	
54	1.506898e-03	-2.52843e-07	-1.62775e-03	-3.48675e-08	

Index   time            v1#branch       v2#branch       v3#branch       
--------------------------------------------------------------------------------
55	1.510738e-03	-2.57657e-07	-1.60910e-03	-2.77794e-08	
56	1.512999e-03	-2.60790e-07	-1.59774e-03	-2.45276e-08	
57	1.514230e-03	-2.61539e-07	-1.59201e-03	-2.26031e-08	
58	1.514840e-03	-2.62674e-07	-1.63108e-03	-2.20127e-08	
59	1.515105e-03	-2.62347e-07	-1.73950e-03	-2.14269e-08	
60	1.515369e-03	-2.63233e-07	-1.86585e-03	-2.13710e-08	
61	1.515667e-03	-2.62815e-07	-2.01614e-03	-2.06799e-08	
62	1.516016e-03	-2.63871e-07	-2.19619e-03	-2.05977e-08	
63	1.516714e-03	-2.63709e-07	-2.56442e-03	-1.93904e-08	
64	1.517531e-03	-2.65185e-07	-3.00205e-03	-1.88343e-08	
65	1.518990e-03	-2.65513e-07	-3.79665e-03	-1.68638e-08	
66	1.520908e-03	-2.67673e-07	-4.85562e-03	-1.53762e-08	
67	1.524623e-03	-2.69028e-07	-6.94485e-03	-1.18505e-08	
68	1.530667e-03	-2.72468e-07	-1.04133e-02	-8.39553e-09	
69	1.533448e-03	-2.72542e-07	-1.20315e-02	-6.61933e-09	
70	1.535181e-03	-2.73869e-07	-1.30436e-02	-6.27704e-09	
71	1.536740e-03	-2.73419e-07	-1.39572e-02	-5.25415e-09	
72	1.537526e-03	-2.74469e-07	-1.44177e-02	-5.38100e-09	
73	1.537912e-03	-2.73665e-07	-1.46443e-02	-4.81645e-09	
74	1.538198e-03	-2.74669e-07	-1.48117e-02	-5.16760e-09	
75	1.538369e-03	-2.73701e-07	-1.49115e-02	-4.61909e-09	
76	1.538478e-03	-2.74876e-07	-1.49741e-02	-5.15820e-09	
77	1.538548e-03	-2.73922e-07	-1.50094e-02	-4.63012e-09	
78	1.538600e-03	-2.75944e-07	-1.50258e-02	-5.68489e-09	
79	1.538647e-03	-2.75050e-07	-1.50237e-02	-5.04636e-09	
80	1.538699e-03	-2.77074e-07	-1.49962e-02	-6.05798e-09	
81	1.538754e-03	-2.75995e-07	-1.49398e-02	-5.11839e-09	
82	1.538823e-03	-2.77665e-07	-1.48471e-02	-5.89130e-09	
83	1.538886e-03	-2.76914e-07	-1.47660e-02	-5.07341e-09	
84	1.538923e-03	-2.78272e-07	-1.47304e-02	-5.86632e-09	
85	1.538951e-03	-2.77131e-07	-1.47116e-02	-4.88454e-09	
86	1.538984e-03	-2.77774e-07	-1.46962e-02	-5.38754e-09	
87	1.539003e-03	-2.77204e-07	-1.46888e-02	-4.76200e-09	
88	1.539021e-03	-2.78593e-07	-1.46829e-02	-5.84695e-09	
89	1.539043e-03	-2.77450e-07	-1.46778e-02	-4.70365e-09	
90	1.539066e-03	-2.78441e-07	-1.46741e-02	-5.66694e-09	
91	1.539089e-03	-2.77376e-07	-1.46719e-02	-4.49159e-09	
92	1.539117e-03	-2.78270e-07	-1.46703e-02	-5.47634e-09	
93	1.539143e-03	-2.77371e-07	-1.46696e-02	-4.36528e-09	
94	1.539174e-03	-2.78125e-07	-1.46689e-02	-5.32263e-09	
95	1.539206e-03	-2.77431e-07	-1.46686e-02	-4.31150e-09	
96	1.539250e-03	-2.78035e-07	-1.46682e-02	-5.20574e-09	
97	1.539297e-03	-2.77484e-07	-1.46680e-02	-4.26907e-09	
98	1.539365e-03	-2.77999e-07	-1.46674e-02	-5.11833e-09	
99	1.539447e-03	-2.77525e-07	-1.46668e-02	-4.21656e-09	
100	1.539590e-03	-2.78001e-07	-1.46654e-02	-5.02439e-09	
101	1.539795e-03	-2.77566e-07	-1.46636e-02	-4.10569e-09	
102	1.539942e-03	-2.78004e-07	-1.46624e-02	-4.90021e-09	
103	1.540059e-03	-2.77572e-07	-1.46617e-02	-4.02155e-09	
104	1.540135e-03	-2.77973e-07	-1.46614e-02	-4.82292e-09	
105	1.540205e-03	-2.77608e-07	-1.46613e-02	-3.99900e-09	
106	1.540244e-03	-2.77962e-07	-1.46613e-02	-4.78145e-09	
107	1.540296e-03	-2.77650e-07	-1.46613e-02	-3.99495e-09	
108	1.540358e-03	-2.77956e-07	-1.46612e-02	-4.73690e-09	
109	1.540430e-03	-2.77671e-07	-1.46613e-02	-3.96290e-09	
110	1.540511e-03	-2.77896e-07	-1.46612e-02	-4.65168e-09	
111	1.540620e-03	-2.77161e-07	-1.46608e-02	-3.66919e-09	
112	1.540687e-03	-2.75422e-07	-1.46594e-02	-3.41112e-09	

Index   time            v1#branch       v2#branch       v3#branch       
--------------------------------------------------------------------------------
113	1.540767e-03	-2.75205e-07	-1.46567e-02	-3.01200e-09	
114	1.540840e-03	-2.74751e-07	-1.46534e-02	-3.63531e-09	
115	1.540905e-03	-2.74769e-07	-1.46512e-02	-3.32751e-09	
116	1.540957e-03	-2.74739e-07	-1.46497e-02	-3.97666e-09	
117	1.541018e-03	-2.74388e-07	-1.46488e-02	-3.38932e-09	
118	1.541080e-03	-2.75309e-07	-1.46480e-02	-4.44993e-09	
119	1.541149e-03	-2.73965e-07	-1.46477e-02	-3.26982e-09	
120	1.541229e-03	-2.75660e-07	-1.46474e-02	-4.67344e-09	
121	1.541332e-03	-2.73847e-07	-1.46473e-02	-3.20940e-09	
122	1.541456e-03	-2.75786e-07	-1.46472e-02	-4.68115e-09	
123	1.541625e-03	-2.73876e-07	-1.46472e-02	-3.13397e-09	
124	1.541862e-03	-2.75867e-07	-1.46471e-02	-4.56966e-09	
125	1.542241e-03	-2.73987e-07	-1.46472e-02	-2.96681e-09	
126	1.543000e-03	-2.76061e-07	-1.46471e-02	-4.25784e-09	
127	1.544517e-03	-2.74360e-07	-1.46472e-02	-2.38464e-09	
128	1.547551e-03	-2.76728e-07	-1.46472e-02	-3.20850e-09	
129	1.553619e-03	-2.75449e-07	-1.46473e-02	-6.89456e-10	
130	1.565756e-03	-2.78239e-07	-1.46472e-02	-9.52808e-10	
131	1.590029e-03	-2.77200e-07	-1.46473e-02	1.421123e-09	
132	1.638413e-03	-2.80261e-07	-1.46473e-02	4.393969e-11	
133	1.706675e-03	-2.79694e-07	-1.46475e-02	1.364931e-09	
134	1.791488e-03	-2.83193e-07	-1.46475e-02	-2.30022e-10	
135	1.875351e-03	-2.82629e-07	-1.46477e-02	1.181260e-09	
136	1.975351e-03	-2.85991e-07	-1.46477e-02	-3.93803e-10	
137	2.075351e-03	-2.85218e-07	-1.46478e-02	1.024815e-09	
138	2.175351e-03	-2.88066e-07	-1.46478e-02	-5.35812e-10	
139	2.275351e-03	-2.86763e-07	-1.46479e-02	8.920391e-10	
140	2.375351e-03	-2.89069e-07	-1.46479e-02	-6.62645e-10	
141	2.475351e-03	-2.87218e-07	-1.46480e-02	7.685626e-10	
142	2.575351e-03	-2.88971e-07	-1.46479e-02	-7.84725e-10	
143	2.675351e-03	-2.86569e-07	-1.46479e-02	6.459429e-10	
144	2.775351e-03	-2.87777e-07	-1.46478e-02	-9.09722e-10	
145	2.875351e-03	-2.84840e-07	-1.46479e-02	5.162633e-10	
146	2.975351e-03	-2.85528e-07	-1.46477e-02	-1.04690e-09	
147	3.075351e-03	-2.82088e-07	-1.46477e-02	3.673445e-10	
148	3.175351e-03	-2.82295e-07	-1.46475e-02	-1.21402e-09	
149	3.275351e-03	-2.78399e-07	-1.46475e-02	1.730743e-10	
150	3.375351e-03	-2.78167e-07	-1.46473e-02	-1.59662e-09	
151	3.459146e-03	-2.71801e-07	-1.46472e-02	-5.94361e-09	
152	3.484301e-03	-2.61966e-07	-1.46467e-02	-2.39456e-08	
153	3.498387e-03	-2.39525e-07	-1.46461e-02	-4.87484e-08	
154	3.506399e-03	-2.20677e-07	-1.46454e-02	-7.39376e-08	
155	3.513279e-03	-1.94414e-07	-1.46447e-02	-9.95689e-08	
156	3.518114e-03	-1.75875e-07	-1.46440e-02	-1.22126e-07	
157	3.521384e-03	-1.58985e-07	-1.46435e-02	-1.36290e-07	
158	3.523068e-03	-1.52919e-07	-1.46431e-02	-1.45315e-07	
159	3.524440e-03	-1.44451e-07	-1.46427e-02	-1.50663e-07	
160	3.525683e-03	-1.40347e-07	-1.46420e-02	-1.57509e-07	
161	3.527072e-03	-1.31751e-07	-1.46412e-02	-1.62759e-07	
162	3.528430e-03	-1.27124e-07	-1.46403e-02	-1.69934e-07	
163	3.529067e-03	-1.22210e-07	-1.46400e-02	-1.71658e-07	
164	3.529365e-03	-1.22667e-07	-1.46398e-02	-1.74044e-07	
165	3.529592e-03	-1.19743e-07	-1.46399e-02	-1.73959e-07	
166	3.529827e-03	-1.20464e-07	-1.46400e-02	-1.76032e-07	
167	3.530240e-03	-1.16718e-07	-1.46405e-02	-1.76770e-07	
168	3.530734e-03	-1.16199e-07	-1.46411e-02	-1.79913e-07	
169	3.531388e-03	-1.11399e-07	-1.46424e-02	-1.81644e-07	
170	3.532260e-03	-1.09173e-07	-1.46442e-02	-1.86274e-07	

Index   time            v1#branch       v2#branch       v3#branch       
--------------------------------------------------------------------------------
171	3.532661e-03	-1.05605e-07	-1.46455e-02	-1.86903e-07	
172	3.532916e-03	-1.06183e-07	-1.46467e-02	-1.88929e-07	
173	3.533063e-03	-1.03850e-07	-1.46485e-02	-1.88576e-07	
174	3.533174e-03	-1.04975e-07	-1.46511e-02	-1.89933e-07	
175	3.533274e-03	-1.03018e-07	-1.46557e-02	-1.89535e-07	
176	3.533372e-03	-1.04046e-07	-1.46635e-02	-1.90713e-07	
177	3.533477e-03	-1.02258e-07	-1.46783e-02	-1.90514e-07	
178	3.533576e-03	-1.03139e-07	-1.47001e-02	-1.91586e-07	
179	3.533611e-03	-1.01746e-07	-1.47133e-02	-1.91132e-07	
180	3.533643e-03	-1.02434e-07	-1.47263e-02	-1.91400e-07	
181	3.533670e-03	-1.01865e-07	-1.47374e-02	-1.91825e-07	
182	3.533700e-03	-1.02192e-07	-1.47515e-02	-1.91620e-07	
183	3.533759e-03	-1.01455e-07	-1.47830e-02	-1.92188e-07	
184	3.533816e-03	-1.01780e-07	-1.48179e-02	-1.92229e-07	
185	3.533913e-03	-1.00760e-07	-1.48859e-02	-1.92818e-07	
186	3.534017e-03	-1.01037e-07	-1.49658e-02	-1.93253e-07	
187	3.534159e-03	-9.97659e-08	-1.50716e-02	-1.93984e-07	
188	3.534287e-03	-1.00339e-07	-1.51341e-02	-1.95093e-07	
189	3.534363e-03	-9.92733e-08	-1.51337e-02	-1.95490e-07	
190	3.534429e-03	-9.94090e-08	-1.51132e-02	-1.95407e-07	
191	3.534507e-03	-9.81927e-08	-1.50843e-02	-1.95568e-07	
192	3.534556e-03	-9.84345e-08	-1.50729e-02	-1.95348e-07	
193	3.534614e-03	-9.86283e-08	-1.50590e-02	-1.97142e-07	
194	3.534678e-03	-9.71017e-08	-1.50440e-02	-1.94784e-07	
195	3.534769e-03	-9.85376e-08	-1.50240e-02	-1.98543e-07	
196	3.534869e-03	-9.58819e-08	-1.50015e-02	-1.95013e-07	
197	3.535007e-03	-9.77805e-08	-1.49711e-02	-1.99888e-07	
198	3.535173e-03	-9.43666e-08	-1.49336e-02	-1.95940e-07	
199	3.535419e-03	-9.61274e-08	-1.48779e-02	-2.01704e-07	
200	3.535778e-03	-9.16788e-08	-1.47940e-02	-1.98175e-07	
201	3.536382e-03	-9.20701e-08	-1.46482e-02	-2.05489e-07	
202	3.537285e-03	-8.53163e-08	-1.44173e-02	-2.03816e-07	
203	3.538596e-03	-8.30047e-08	-1.40574e-02	-2.13619e-07	
204	3.540722e-03	-7.17934e-08	-1.34127e-02	-2.15698e-07	
205	3.544232e-03	-6.24799e-08	-1.21992e-02	-2.31376e-07	
206	3.550269e-03	-4.18626e-08	-9.74595e-03	-2.40742e-07	
207	3.560426e-03	-2.45581e-08	-4.88301e-03	-2.61472e-07	
208	3.563211e-03	-1.76569e-08	-3.43217e-03	-2.59154e-07	
209	3.565530e-03	-1.78413e-08	-2.21285e-03	-2.66272e-07	
210	3.566589e-03	-1.36839e-08	-1.68568e-03	-2.61904e-07	
211	3.567019e-03	-1.62201e-08	-1.59532e-03	-2.67445e-07	
212	3.567289e-03	-1.29448e-08	-1.59438e-03	-2.62274e-07	
213	3.567549e-03	-1.57011e-08	-1.59541e-03	-2.67964e-07	
214	3.567835e-03	-1.23671e-08	-1.59661e-03	-2.62516e-07	
215	3.568263e-03	-1.50193e-08	-1.59885e-03	-2.68532e-07	
216	3.568829e-03	-1.13970e-08	-1.60167e-03	-2.63106e-07	
217	3.569587e-03	-1.37960e-08	-1.60574e-03	-2.69392e-07	
218	3.570644e-03	-9.78581e-09	-1.61121e-03	-2.64150e-07	
219	3.572050e-03	-1.17515e-08	-1.61876e-03	-2.70752e-07	
220	3.574242e-03	-7.07109e-09	-1.63038e-03	-2.65894e-07	
221	3.577581e-03	-8.12655e-09	-1.64845e-03	-2.73044e-07	
222	3.583878e-03	-2.15884e-09	-1.68252e-03	-2.68862e-07	
223	3.586766e-03	-4.26370e-09	-1.69834e-03	-2.75304e-07	
224	3.588631e-03	-6.34767e-10	-1.70835e-03	-2.69714e-07	
225	3.589516e-03	-3.46124e-09	-1.71323e-03	-2.75741e-07	
226	3.589852e-03	-2.75770e-10	-1.71447e-03	-2.69660e-07	
227	3.589976e-03	-2.20300e-09	-1.71271e-03	-2.72880e-07	
228	3.590091e-03	-2.74141e-09	-1.71332e-03	-2.74356e-07	

Index   time            v1#branch       v2#branch       v3#branch       
--------------------------------------------------------------------------------
229	3.590137e-03	1.183551e-09	-1.71277e-03	-2.66969e-07	
230	3.590203e-03	-5.78715e-09	-1.71293e-03	-2.80013e-07	
231	3.590282e-03	2.336733e-09	-1.71289e-03	-2.65236e-07	
232	3.590355e-03	-5.76458e-09	-1.71282e-03	-2.80071e-07	
233	3.590447e-03	1.934022e-09	-1.71291e-03	-2.66257e-07	
234	3.590546e-03	-5.00612e-09	-1.71280e-03	-2.78836e-07	
235	3.590694e-03	1.384599e-09	-1.71289e-03	-2.67510e-07	
236	3.590839e-03	-4.37595e-09	-1.71278e-03	-2.77891e-07	
237	3.591070e-03	1.043523e-09	-1.71284e-03	-2.68399e-07	
238	3.591328e-03	-3.93513e-09	-1.71274e-03	-2.77379e-07	
239	3.591686e-03	9.391706e-10	-1.71277e-03	-2.68949e-07	
240	3.592148e-03	-3.56507e-09	-1.71265e-03	-2.77146e-07	
241	3.592758e-03	1.040462e-09	-1.71263e-03	-2.69330e-07	
242	3.593701e-03	-3.14287e-09	-1.71243e-03	-2.77146e-07	
243	3.595219e-03	1.467857e-09	-1.71223e-03	-2.69703e-07	
244	3.597993e-03	-2.35464e-09	-1.71156e-03	-2.77489e-07	
245	3.603541e-03	2.631300e-09	-1.70996e-03	-2.70350e-07	
246	3.606954e-03	-1.29645e-09	-1.70885e-03	-2.77949e-07	
247	3.610697e-03	3.233219e-09	-1.70797e-03	-2.70622e-07	
248	3.614670e-03	-7.61230e-10	-1.70717e-03	-2.78098e-07	
249	3.618595e-03	3.636571e-09	-1.70670e-03	-2.70789e-07	
250	3.622584e-03	-4.30277e-10	-1.70627e-03	-2.78166e-07	
251	3.627260e-03	3.883028e-09	-1.70602e-03	-2.70897e-07	
252	3.631857e-03	-2.15880e-10	-1.70576e-03	-2.78200e-07	
253	3.636152e-03	4.005147e-09	-1.70569e-03	-2.70967e-07	
254	3.640336e-03	-1.14780e-10	-1.70555e-03	-2.78200e-07	
255	3.644919e-03	4.046575e-09	-1.70553e-03	-2.71015e-07	
256	3.650105e-03	-7.08720e-11	-1.70542e-03	-2.78190e-07	
257	3.655750e-03	4.042938e-09	-1.70543e-03	-2.71049e-07	
258	3.663492e-03	-7.93074e-11	-1.70535e-03	-2.78180e-07	
259	3.670729e-03	3.998788e-09	-1.70538e-03	-2.71070e-07	
260	3.685203e-03	-1.33579e-10	-1.70530e-03	-2.78170e-07	
261	3.698290e-03	3.929366e-09	-1.70534e-03	-2.71080e-07	
262	3.724465e-03	-1.80310e-10	-1.70528e-03	-2.78163e-07	
263	3.756064e-03	3.893341e-09	-1.70532e-03	-2.71083e-07	
264	3.819261e-03	-1.93690e-10	-1.70526e-03	-2.78158e-07	
265	3.895199e-03	3.889436e-09	-1.70531e-03	-2.71083e-07	
266	3.995199e-03	-1.86353e-10	-1.70526e-03	-2.78155e-07	
267	4.095199e-03	3.900252e-09	-1.70531e-03	-2.71082e-07	
268	4.195199e-03	-1.76622e-10	-1.70526e-03	-2.78152e-07	
269	4.295199e-03	3.903814e-09	-1.70531e-03	-2.71082e-07	
270	4.395199e-03	-1.79305e-10	-1.70526e-03	-2.78150e-07	
271	4.495199e-03	3.892239e-09	-1.70531e-03	-2.71083e-07	
272	4.595199e-03	-1.98700e-10	-1.70526e-03	-2.78149e-07	
273	4.695199e-03	3.863253e-09	-1.70531e-03	-2.71084e-07	
274	4.795199e-03	-2.35832e-10	-1.70526e-03	-2.78147e-07	
275	4.895199e-03	3.816587e-09	-1.70531e-03	-2.71085e-07	
276	4.995199e-03	-2.90469e-10	-1.70526e-03	-2.78146e-07	
277	5.095199e-03	3.752788e-09	-1.70531e-03	-2.71086e-07	
278	5.195199e-03	-3.61847e-10	-1.70526e-03	-2.78145e-07	
279	5.295199e-03	3.672761e-09	-1.70531e-03	-2.71087e-07	
280	5.395199e-03	-4.48949e-10	-1.70526e-03	-2.78143e-07	
281	5.495199e-03	3.577591e-09	-1.70531e-03	-2.71089e-07	
282	5.595199e-03	-5.50635e-10	-1.70526e-03	-2.78143e-07	
283	5.695199e-03	3.468457e-09	-1.70531e-03	-2.71090e-07	
284	5.795199e-03	-6.65689e-10	-1.70526e-03	-2.78142e-07	
285	5.895199e-03	3.346597e-09	-1.70531e-03	-2.71092e-07	
286	5.995199e-03	-7.92850e-10	-1.70526e-03	-2.78141e-07	

Index   time            v1#branch       v2#branch       v3#branch       
--------------------------------------------------------------------------------
287	6.095199e-03	3.213290e-09	-1.70531e-03	-2.71093e-07	
288	6.195199e-03	-9.30818e-10	-1.70526e-03	-2.78140e-07	
289	6.295199e-03	3.069849e-09	-1.70531e-03	-2.71095e-07	
290	6.395199e-03	-1.07826e-09	-1.70526e-03	-2.78140e-07	
291	6.495199e-03	2.917617e-09	-1.70531e-03	-2.71097e-07	
292	6.595199e-03	-1.23382e-09	-1.70526e-03	-2.78139e-07	
293	6.695199e-03	2.757965e-09	-1.70531e-03	-2.71099e-07	
294	6.795199e-03	-1.39612e-09	-1.70526e-03	-2.78139e-07	
295	6.895199e-03	2.592286e-09	-1.70531e-03	-2.71101e-07	
296	6.995199e-03	-1.56374e-09	-1.70526e-03	-2.78138e-07	
297	7.095199e-03	2.421993e-09	-1.70531e-03	-2.71103e-07	
298	7.195199e-03	-1.73527e-09	-1.70526e-03	-2.78138e-07	
299	7.295199e-03	2.248519e-09	-1.70531e-03	-2.71105e-07	
300	7.395199e-03	-1.90926e-09	-1.70526e-03	-2.78137e-07	
301	7.495199e-03	2.073308e-09	-1.70531e-03	-2.71106e-07	
302	7.595199e-03	-2.08426e-09	-1.70526e-03	-2.78137e-07	
303	7.695199e-03	1.897812e-09	-1.70531e-03	-2.71108e-07	
304	7.795199e-03	-2.25882e-09	-1.70526e-03	-2.78136e-07	
305	7.895199e-03	1.723490e-09	-1.70531e-03	-2.71110e-07	
306	7.995199e-03	-2.43147e-09	-1.70526e-03	-2.78136e-07	
307	8.095199e-03	1.551796e-09	-1.70531e-03	-2.71112e-07	
308	8.195199e-03	-2.60077e-09	-1.70526e-03	-2.78135e-07	
309	8.295199e-03	1.384183e-09	-1.70531e-03	-2.71114e-07	
310	8.395199e-03	-2.76525e-09	-1.70526e-03	-2.78135e-07	
311	8.495199e-03	1.222092e-09	-1.70531e-03	-2.71116e-07	
312	8.595199e-03	-2.92350e-09	-1.70526e-03	-2.78134e-07	
313	8.695199e-03	1.066951e-09	-1.70531e-03	-2.71118e-07	
314	8.795199e-03	-3.07407e-09	-1.70526e-03	-2.78134e-07	
315	8.895199e-03	9.201711e-10	-1.70530e-03	-2.71120e-07	
316	8.995199e-03	-3.21558e-09	-1.70526e-03	-2.78133e-07	
317	9.095199e-03	7.831410e-10	-1.70530e-03	-2.71121e-07	
318	9.195199e-03	-3.34664e-09	-1.70526e-03	-2.78132e-07	
319	9.295199e-03	6.572263e-10	-1.70530e-03	-2.71123e-07	
320	9.395199e-03	-3.46590e-09	-1.70526e-03	-2.78132e-07	
321	9.495199e-03	5.437625e-10	-1.70530e-03	-2.71124e-07	
322	9.595199e-03	-3.57204e-09	-1.70526e-03	-2.78131e-07	
323	9.695199e-03	4.440469e-10	-1.70530e-03	-2.71126e-07	
324	9.795199e-03	-3.66378e-09	-1.70526e-03	-2.78130e-07	
325	9.895199e-03	3.593213e-10	-1.70530e-03	-2.71127e-07	
326	9.995199e-03	-3.73991e-09	-1.70526e-03	-2.78128e-07	
327	1.009520e-02	2.907351e-10	-1.70530e-03	-2.71128e-07	
328	1.019520e-02	-3.79936e-09	-1.70526e-03	-2.78127e-07	
329	1.029520e-02	2.392657e-10	-1.70530e-03	-2.71129e-07	
330	1.039520e-02	-3.84129e-09	-1.70526e-03	-2.78126e-07	
331	1.049520e-02	2.055358e-10	-1.70530e-03	-2.71130e-07	
332	1.059520e-02	-3.86537e-09	-1.70526e-03	-2.78124e-07	
333	1.069520e-02	1.893778e-10	-1.70530e-03	-2.71131e-07	
334	1.079520e-02	-3.87251e-09	-1.70526e-03	-2.78122e-07	
335	1.089520e-02	1.886796e-10	-1.70530e-03	-2.71131e-07	
336	1.099520e-02	-3.86683e-09	-1.70526e-03	-2.78120e-07	
337	1.109520e-02	1.957434e-10	-1.70530e-03	-2.71131e-07	
338	1.119520e-02	-3.86280e-09	-1.70526e-03	-2.78117e-07	
339	1.129520e-02	1.736289e-10	-1.70530e-03	-2.71130e-07	
340	1.134255e-02	-4.38096e-09	-1.70526e-03	-2.78106e-07	
341	1.137322e-02	-8.21240e-10	-1.70534e-03	-2.71011e-07	
342	1.138420e-02	-4.90500e-09	-1.70550e-03	-2.77810e-07	
343	1.138924e-02	-1.37075e-09	-1.70629e-03	-2.70704e-07	
344	1.139404e-02	-5.66263e-09	-1.70712e-03	-2.77496e-07	

Index   time            v1#branch       v2#branch       v3#branch       
--------------------------------------------------------------------------------
345	1.139886e-02	-2.26787e-09	-1.70846e-03	-2.70282e-07	
346	1.140384e-02	-6.93688e-09	-1.71032e-03	-2.76812e-07	
347	1.140946e-02	-4.18592e-09	-1.71268e-03	-2.69337e-07	
348	1.141274e-02	-9.00637e-09	-1.71325e-03	-2.75841e-07	
349	1.141642e-02	-6.33900e-09	-1.71366e-03	-2.68211e-07	
350	1.142123e-02	-1.23828e-08	-1.71381e-03	-2.73878e-07	
351	1.142691e-02	-1.19541e-08	-1.71406e-03	-2.64750e-07	
352	1.143346e-02	-2.16483e-08	-1.71433e-03	-2.67731e-07	
353	1.144337e-02	-3.19020e-08	-1.71481e-03	-2.50400e-07	
354	1.145431e-02	-6.25182e-08	-1.71521e-03	-2.35570e-07	
355	1.146592e-02	-1.02600e-07	-1.71571e-03	-1.89472e-07	
356	1.147044e-02	-1.26983e-07	-1.71577e-03	-1.76581e-07	
357	1.147362e-02	-1.38277e-07	-1.71581e-03	-1.55066e-07	
358	1.147530e-02	-1.49951e-07	-1.71563e-03	-1.53906e-07	
359	1.147682e-02	-1.53485e-07	-1.71536e-03	-1.39876e-07	
360	1.147808e-02	-1.63031e-07	-1.71469e-03	-1.40552e-07	
361	1.147886e-02	-1.63028e-07	-1.71422e-03	-1.30231e-07	
362	1.147966e-02	-1.70259e-07	-1.71347e-03	-1.32971e-07	
363	1.148054e-02	-1.70758e-07	-1.71263e-03	-1.22345e-07	
364	1.148227e-02	-1.81906e-07	-1.71034e-03	-1.20698e-07	
365	1.148567e-02	-1.92783e-07	-1.70437e-03	-9.89857e-08	
366	1.148907e-02	-2.09224e-07	-1.69617e-03	-9.10913e-08	
367	1.149382e-02	-2.21629e-07	-1.68179e-03	-6.68368e-08	
368	1.150039e-02	-2.42120e-07	-1.65680e-03	-5.30242e-08	
369	1.150953e-02	-2.54697e-07	-1.61534e-03	-2.66934e-08	
370	1.151262e-02	-2.61780e-07	-1.59985e-03	-2.81687e-08	
371	1.151450e-02	-2.60425e-07	-1.59187e-03	-1.91700e-08	
372	1.151517e-02	-2.64321e-07	-1.74830e-03	-2.45927e-08	
373	1.151560e-02	-2.61566e-07	-1.95847e-03	-1.78877e-08	
374	1.151587e-02	-2.64819e-07	-2.09420e-03	-2.35269e-08	
375	1.151620e-02	-2.62248e-07	-2.26614e-03	-1.73501e-08	
376	1.151667e-02	-2.65425e-07	-2.51433e-03	-2.24304e-08	
377	1.151724e-02	-2.63211e-07	-2.82136e-03	-1.62099e-08	
378	1.151806e-02	-2.66524e-07	-3.26408e-03	-2.07839e-08	
379	1.151941e-02	-2.64922e-07	-4.00056e-03	-1.39159e-08	
380	1.152154e-02	-2.68968e-07	-5.18419e-03	-1.73036e-08	
381	1.152411e-02	-2.67880e-07	-6.62919e-03	-9.74316e-09	
382	1.152924e-02	-2.72811e-07	-9.56429e-03	-1.16853e-08	
383	1.153407e-02	-2.71857e-07	-1.23701e-02	-3.84989e-09	
384	1.153586e-02	-2.74902e-07	-1.34173e-02	-8.48032e-09	
385	1.153677e-02	-2.72592e-07	-1.39504e-02	-2.78978e-09	
386	1.153781e-02	-2.75347e-07	-1.45611e-02	-7.71026e-09	
387	1.153817e-02	-2.72964e-07	-1.47682e-02	-2.35052e-09	
388	1.153841e-02	-2.75407e-07	-1.49077e-02	-7.41289e-09	
389	1.153854e-02	-2.73183e-07	-1.49879e-02	-2.34623e-09	
390	1.153863e-02	-2.76025e-07	-1.50236e-02	-7.56015e-09	
391	1.153868e-02	-2.75101e-07	-1.50259e-02	-3.35310e-09	
392	1.153873e-02	-2.76449e-07	-1.50043e-02	-7.35086e-09	
393	1.153879e-02	-2.76712e-07	-1.49515e-02	-4.01853e-09	
394	1.153885e-02	-2.76692e-07	-1.48680e-02	-6.83753e-09	
395	1.153891e-02	-2.77761e-07	-1.47907e-02	-4.23686e-09	
396	1.153895e-02	-2.77175e-07	-1.47401e-02	-6.56103e-09	
397	1.153898e-02	-2.78343e-07	-1.47178e-02	-4.42671e-09	
398	1.153901e-02	-2.76750e-07	-1.47011e-02	-5.89533e-09	
399	1.153905e-02	-2.78161e-07	-1.46885e-02	-4.28933e-09	
400	1.153907e-02	-2.77820e-07	-1.46822e-02	-6.23483e-09	
401	1.153909e-02	-2.78048e-07	-1.46769e-02	-4.25611e-09	
402	1.153911e-02	-2.78069e-07	-1.46733e-02	-6.08519e-09	

Index   time            v1#branch       v2#branch       v3#branch       
--------------------------------------------------------------------------------
403	1.153914e-02	-2.77572e-07	-1.46714e-02	-3.97151e-09	
404	1.153917e-02	-2.78144e-07	-1.46700e-02	-5.89930e-09	
405	1.153919e-02	-2.77463e-07	-1.46694e-02	-3.91978e-09	
406	1.153922e-02	-2.78049e-07	-1.46688e-02	-5.67162e-09	
407	1.153926e-02	-2.77516e-07	-1.46686e-02	-3.94872e-09	
408	1.153930e-02	-2.77961e-07	-1.46681e-02	-5.48746e-09	
409	1.153936e-02	-2.77580e-07	-1.46679e-02	-3.96879e-09	
410	1.153942e-02	-2.77919e-07	-1.46672e-02	-5.35391e-09	
411	1.153952e-02	-2.77630e-07	-1.46665e-02	-3.94894e-09	
412	1.153967e-02	-2.77918e-07	-1.46650e-02	-5.23178e-09	
413	1.153994e-02	-2.77677e-07	-1.46628e-02	-3.83071e-09	
414	1.154006e-02	-2.77897e-07	-1.46618e-02	-5.06798e-09	
415	1.154014e-02	-2.77695e-07	-1.46616e-02	-3.80660e-09	
416	1.154021e-02	-2.77869e-07	-1.46613e-02	-4.97709e-09	
417	1.154025e-02	-2.77753e-07	-1.46614e-02	-3.84672e-09	
418	1.154031e-02	-2.77835e-07	-1.46612e-02	-4.87782e-09	
419	1.154037e-02	-2.77804e-07	-1.46613e-02	-3.87966e-09	
420	1.154043e-02	-2.77820e-07	-1.46612e-02	-4.78809e-09	
421	1.154051e-02	-2.77820e-07	-1.46613e-02	-3.87529e-09	
422	1.154060e-02	-2.77661e-07	-1.46611e-02	-4.62615e-09	
423	1.154067e-02	-2.76993e-07	-1.46607e-02	-3.45724e-09	
424	1.154073e-02	-2.75614e-07	-1.46593e-02	-3.60484e-09	
425	1.154081e-02	-2.74933e-07	-1.46568e-02	-2.74227e-09	
426	1.154088e-02	-2.74964e-07	-1.46534e-02	-3.81515e-09	
427	1.154095e-02	-2.74814e-07	-1.46512e-02	-3.26795e-09	
428	1.154100e-02	-2.74357e-07	-1.46497e-02	-3.80431e-09	
429	1.154106e-02	-2.75034e-07	-1.46488e-02	-3.69072e-09	
430	1.154112e-02	-2.74521e-07	-1.46480e-02	-4.02724e-09	
431	1.154119e-02	-2.74839e-07	-1.46477e-02	-3.71887e-09	
432	1.154127e-02	-2.74773e-07	-1.46473e-02	-4.17704e-09	
433	1.154138e-02	-2.74758e-07	-1.46473e-02	-3.69271e-09	
434	1.154150e-02	-2.74889e-07	-1.46471e-02	-4.16680e-09	
435	1.154167e-02	-2.74789e-07	-1.46472e-02	-3.62672e-09	
436	1.154191e-02	-2.74970e-07	-1.46471e-02	-4.04912e-09	
437	1.154231e-02	-2.74902e-07	-1.46472e-02	-3.45812e-09	
438	1.154309e-02	-2.75172e-07	-1.46471e-02	-3.72497e-09	
439	1.154429e-02	-2.75229e-07	-1.46472e-02	-2.95052e-09	
440	1.154669e-02	-2.75711e-07	-1.46471e-02	-2.87517e-09	
441	1.155149e-02	-2.76144e-07	-1.46473e-02	-1.51985e-09	
442	1.156110e-02	-2.77065e-07	-1.46472e-02	-8.13028e-10	
443	1.158032e-02	-2.77808e-07	-1.46473e-02	7.017452e-10	
444	1.161876e-02	-2.78934e-07	-1.46473e-02	5.990173e-10	
445	1.167902e-02	-2.80054e-07	-1.46475e-02	9.061792e-10	
446	1.176580e-02	-2.81835e-07	-1.46475e-02	3.074545e-10	
447	1.185283e-02	-2.83179e-07	-1.46477e-02	6.919774e-10	
448	1.195090e-02	-2.84763e-07	-1.46477e-02	1.352177e-10	
449	1.205090e-02	-2.85859e-07	-1.46478e-02	5.324990e-10	
450	1.215090e-02	-2.86965e-07	-1.46478e-02	-9.76791e-12	
451	1.225090e-02	-2.87536e-07	-1.46479e-02	3.978054e-10	
452	1.235090e-02	-2.88102e-07	-1.46479e-02	-1.37787e-10	
453	1.245090e-02	-2.88125e-07	-1.46480e-02	2.736935e-10	
454	1.255090e-02	-2.88139e-07	-1.46479e-02	-2.60025e-10	
455	1.265090e-02	-2.87610e-07	-1.46480e-02	1.513612e-10	
456	1.275090e-02	-2.87078e-07	-1.46478e-02	-3.84243e-10	
457	1.285090e-02	-2.86011e-07	-1.46479e-02	2.304488e-11	
458	1.295090e-02	-2.84954e-07	-1.46477e-02	-5.19259e-10	
459	1.305090e-02	-2.83380e-07	-1.46477e-02	-1.22536e-10	
460	1.315090e-02	-2.81837e-07	-1.46475e-02	-6.81131e-10	

Index   time            v1#branch       v2#branch       v3#branch       
--------------------------------------------------------------------------------
461	1.325090e-02	-2.79800e-07	-1.46475e-02	-3.09791e-10	
462	1.335090e-02	-2.77818e-07	-1.46473e-02	-9.25116e-10	
463	1.342718e-02	-2.75659e-07	-1.46473e-02	-1.97853e-09	
464	1.346973e-02	-2.69953e-07	-1.46470e-02	-1.09361e-08	
465	1.348990e-02	-2.54714e-07	-1.46466e-02	-3.15041e-08	
466	1.350142e-02	-2.33616e-07	-1.46458e-02	-5.75670e-08	
467	1.350834e-02	-2.13383e-07	-1.46453e-02	-8.03426e-08	
468	1.351491e-02	-1.88834e-07	-1.46444e-02	-1.07198e-07	
469	1.351916e-02	-1.70135e-07	-1.46439e-02	-1.26362e-07	
470	1.352204e-02	-1.56922e-07	-1.46433e-02	-1.39987e-07	
471	1.352360e-02	-1.49351e-07	-1.46430e-02	-1.47221e-07	
472	1.352493e-02	-1.43134e-07	-1.46424e-02	-1.53518e-07	
473	1.352620e-02	-1.36802e-07	-1.46418e-02	-1.59311e-07	
474	1.352755e-02	-1.30472e-07	-1.46408e-02	-1.65503e-07	
475	1.352887e-02	-1.23998e-07	-1.46401e-02	-1.71306e-07	
476	1.352927e-02	-1.22239e-07	-1.46398e-02	-1.73136e-07	
477	1.352955e-02	-1.20821e-07	-1.46399e-02	-1.74274e-07	
478	1.352982e-02	-1.19636e-07	-1.46400e-02	-1.75482e-07	
479	1.353013e-02	-1.18073e-07	-1.46404e-02	-1.76846e-07	
480	1.353059e-02	-1.16022e-07	-1.46408e-02	-1.78756e-07	
481	1.353110e-02	-1.13572e-07	-1.46418e-02	-1.80989e-07	
482	1.353202e-02	-1.09406e-07	-1.46436e-02	-1.84747e-07	
483	1.353268e-02	-1.06395e-07	-1.46455e-02	-1.87501e-07	
484	1.353301e-02	-1.04902e-07	-1.46476e-02	-1.88781e-07	
485	1.353318e-02	-1.04169e-07	-1.46514e-02	-1.89613e-07	
486	1.353329e-02	-1.03642e-07	-1.46565e-02	-1.89885e-07	
487	1.353339e-02	-1.03359e-07	-1.46650e-02	-1.90577e-07	
488	1.353348e-02	-1.02792e-07	-1.46790e-02	-1.90690e-07	
489	1.353359e-02	-1.02578e-07	-1.47023e-02	-1.91535e-07	
490	1.353362e-02	-1.02163e-07	-1.47151e-02	-1.91170e-07	
491	1.353365e-02	-1.01904e-07	-1.47290e-02	-1.91377e-07	
492	1.353368e-02	-1.02461e-07	-1.47390e-02	-1.92045e-07	
493	1.353370e-02	-1.01512e-07	-1.47520e-02	-1.91408e-07	
494	1.353376e-02	-1.02140e-07	-1.47810e-02	-1.92419e-07	
495	1.353384e-02	-1.00981e-07	-1.48310e-02	-1.92068e-07	
496	1.353393e-02	-1.01400e-07	-1.48986e-02	-1.93177e-07	
497	1.353405e-02	-1.00158e-07	-1.49923e-02	-1.93143e-07	
498	1.353420e-02	-1.00416e-07	-1.50960e-02	-1.94598e-07	
499	1.353430e-02	-9.95394e-08	-1.51332e-02	-1.94909e-07	
500	1.353438e-02	-9.97369e-08	-1.51312e-02	-1.95551e-07	
501	1.353447e-02	-9.87617e-08	-1.50987e-02	-1.95699e-07	
502	1.353455e-02	-9.80233e-08	-1.50740e-02	-1.95046e-07	
503	1.353460e-02	-9.88625e-08	-1.50627e-02	-1.97052e-07	
504	1.353467e-02	-9.73686e-08	-1.50460e-02	-1.95323e-07	
505	1.353474e-02	-9.80490e-08	-1.50299e-02	-1.97433e-07	
506	1.353485e-02	-9.68558e-08	-1.50059e-02	-1.96351e-07	
507	1.353497e-02	-9.68155e-08	-1.49809e-02	-1.97984e-07	
508	1.353515e-02	-9.58151e-08	-1.49404e-02	-1.97807e-07	
509	1.353534e-02	-9.49809e-08	-1.48956e-02	-1.99241e-07	
510	1.353572e-02	-9.34971e-08	-1.48091e-02	-2.00219e-07	
511	1.353618e-02	-9.13248e-08	-1.46990e-02	-2.02342e-07	
512	1.353710e-02	-8.77369e-08	-1.44670e-02	-2.05535e-07	
513	1.353820e-02	-8.29156e-08	-1.41693e-02	-2.09772e-07	
514	1.354026e-02	-7.52185e-08	-1.35603e-02	-2.16650e-07	
515	1.354324e-02	-6.41333e-08	-1.25612e-02	-2.26061e-07	
516	1.354875e-02	-4.75478e-08	-1.04013e-02	-2.40011e-07	
517	1.355891e-02	-2.52773e-08	-5.66032e-03	-2.57201e-07	
518	1.356235e-02	-2.04839e-08	-3.88474e-03	-2.60862e-07	

Index   time            v1#branch       v2#branch       v3#branch       
--------------------------------------------------------------------------------
519	1.356502e-02	-1.67368e-08	-2.47870e-03	-2.63324e-07	
520	1.356616e-02	-1.58489e-08	-1.89081e-03	-2.64172e-07	
521	1.356685e-02	-1.46744e-08	-1.60497e-03	-2.64650e-07	
522	1.356717e-02	-1.48513e-08	-1.59427e-03	-2.65045e-07	
523	1.356749e-02	-1.39024e-08	-1.59512e-03	-2.64884e-07	
524	1.356777e-02	-1.43848e-08	-1.59631e-03	-2.65691e-07	
525	1.356807e-02	-1.31770e-08	-1.59785e-03	-2.65032e-07	
526	1.356867e-02	-1.36133e-08	-1.60088e-03	-2.66462e-07	
527	1.356947e-02	-1.18033e-08	-1.60509e-03	-2.65807e-07	
528	1.357096e-02	-1.16330e-08	-1.61292e-03	-2.67873e-07	
529	1.357239e-02	-9.36220e-09	-1.62057e-03	-2.67343e-07	
530	1.357519e-02	-8.58447e-09	-1.63546e-03	-2.69880e-07	
531	1.357913e-02	-5.17663e-09	-1.65681e-03	-2.69930e-07	
532	1.358460e-02	-4.03083e-09	-1.68649e-03	-2.72628e-07	
533	1.358735e-02	-1.94734e-09	-1.70151e-03	-2.71772e-07	
534	1.358890e-02	-2.69873e-09	-1.70982e-03	-2.73411e-07	
535	1.358966e-02	-1.28139e-09	-1.71398e-03	-2.72053e-07	
536	1.358993e-02	-2.24090e-09	-1.71392e-03	-2.72886e-07	
537	1.359001e-02	-3.19692e-10	-1.71267e-03	-2.69696e-07	
538	1.359008e-02	-5.25046e-09	-1.71325e-03	-2.78724e-07	
539	1.359014e-02	2.809540e-09	-1.71279e-03	-2.64179e-07	
540	1.359021e-02	-7.21218e-09	-1.71291e-03	-2.82457e-07	
541	1.359029e-02	3.635697e-09	-1.71292e-03	-2.63021e-07	
542	1.359036e-02	-6.90285e-09	-1.71278e-03	-2.82004e-07	
543	1.359046e-02	2.948182e-09	-1.71297e-03	-2.64574e-07	
544	1.359055e-02	-5.76968e-09	-1.71274e-03	-2.80069e-07	
545	1.359069e-02	1.991159e-09	-1.71296e-03	-2.66566e-07	
546	1.359082e-02	-4.80478e-09	-1.71272e-03	-2.78491e-07	
547	1.359102e-02	1.317938e-09	-1.71292e-03	-2.68040e-07	
548	1.359126e-02	-4.13698e-09	-1.71268e-03	-2.77530e-07	
549	1.359163e-02	1.057137e-09	-1.71285e-03	-2.68879e-07	
550	1.359210e-02	-3.66418e-09	-1.71258e-03	-2.77120e-07	
551	1.359286e-02	1.134808e-09	-1.71268e-03	-2.69390e-07	
552	1.359382e-02	-3.16943e-09	-1.71234e-03	-2.77071e-07	
553	1.359575e-02	1.607838e-09	-1.71220e-03	-2.69854e-07	
554	1.359959e-02	-2.16655e-09	-1.71105e-03	-2.77508e-07	
555	1.360329e-02	2.641458e-09	-1.71009e-03	-2.70456e-07	
556	1.360635e-02	-1.38047e-09	-1.70894e-03	-2.77794e-07	
557	1.361061e-02	3.255552e-09	-1.70806e-03	-2.70760e-07	
558	1.361473e-02	-7.83401e-10	-1.70709e-03	-2.77948e-07	
559	1.361860e-02	3.658248e-09	-1.70677e-03	-2.70950e-07	
560	1.362273e-02	-4.43841e-10	-1.70618e-03	-2.77998e-07	
561	1.362753e-02	3.903684e-09	-1.70608e-03	-2.71077e-07	
562	1.363191e-02	-2.25733e-10	-1.70569e-03	-2.78014e-07	
563	1.363651e-02	4.015635e-09	-1.70575e-03	-2.71163e-07	
564	1.364137e-02	-1.12778e-10	-1.70545e-03	-2.78001e-07	
565	1.364713e-02	4.054713e-09	-1.70558e-03	-2.71223e-07	
566	1.365460e-02	-7.32425e-11	-1.70532e-03	-2.77987e-07	
567	1.366324e-02	4.029334e-09	-1.70547e-03	-2.71260e-07	
568	1.367592e-02	-1.16584e-10	-1.70524e-03	-2.77975e-07	
569	1.369191e-02	3.947025e-09	-1.70542e-03	-2.71277e-07	
570	1.372001e-02	-1.83984e-10	-1.70520e-03	-2.77965e-07	
571	1.376198e-02	3.898202e-09	-1.70539e-03	-2.71282e-07	
572	1.381770e-02	-1.98755e-10	-1.70519e-03	-2.77959e-07	
573	1.389488e-02	3.894288e-09	-1.70539e-03	-2.71283e-07	
574	1.399488e-02	-1.91080e-10	-1.70519e-03	-2.77954e-07	
575	1.409488e-02	3.904812e-09	-1.70538e-03	-2.71283e-07	
576	1.419488e-02	-1.81061e-10	-1.70519e-03	-2.77951e-07	

Index   time            v1#branch       v2#branch       v3#branch       
--------------------------------------------------------------------------------
577	1.429488e-02	3.908126e-09	-1.70538e-03	-2.71284e-07	
578	1.439488e-02	-1.83465e-10	-1.70518e-03	-2.77948e-07	
579	1.449488e-02	3.896331e-09	-1.70538e-03	-2.71285e-07	
580	1.459488e-02	-2.02595e-10	-1.70518e-03	-2.77946e-07	
581	1.469488e-02	3.867141e-09	-1.70538e-03	-2.71287e-07	
582	1.479488e-02	-2.39475e-10	-1.70518e-03	-2.77943e-07	
583	1.489488e-02	3.820285e-09	-1.70538e-03	-2.71289e-07	
584	1.499488e-02	-2.93872e-10	-1.70518e-03	-2.77941e-07	
585	1.509488e-02	3.756303e-09	-1.70538e-03	-2.71291e-07	
586	1.519488e-02	-3.65021e-10	-1.70518e-03	-2.77939e-07	
587	1.529488e-02	3.676102e-09	-1.70538e-03	-2.71293e-07	
588	1.539488e-02	-4.51904e-10	-1.70518e-03	-2.77937e-07	
589	1.549488e-02	3.580763e-09	-1.70538e-03	-2.71295e-07	
590	1.559488e-02	-5.53378e-10	-1.70518e-03	-2.77936e-07	
591	1.569488e-02	3.471465e-09	-1.70538e-03	-2.71297e-07	
592	1.579488e-02	-6.68230e-10	-1.70518e-03	-2.77934e-07	
593	1.589488e-02	3.349443e-09	-1.70538e-03	-2.71300e-07	
594	1.599488e-02	-7.95194e-10	-1.70518e-03	-2.77933e-07	
595	1.609488e-02	3.215976e-09	-1.70538e-03	-2.71302e-07	
596	1.619488e-02	-9.32972e-10	-1.70518e-03	-2.77931e-07	
597	1.629488e-02	3.072377e-09	-1.70538e-03	-2.71305e-07	
598	1.639488e-02	-1.08023e-09	-1.70518e-03	-2.77930e-07	
599	1.649488e-02	2.919988e-09	-1.70538e-03	-2.71307e-07	
600	1.659488e-02	-1.23561e-09	-1.70518e-03	-2.77928e-07	
601	1.669488e-02	2.760179e-09	-1.70538e-03	-2.71310e-07	
602	1.679488e-02	-1.39773e-09	-1.70518e-03	-2.77927e-07	
603	1.689488e-02	2.594342e-09	-1.70538e-03	-2.71313e-07	
604	1.699488e-02	-1.56518e-09	-1.70518e-03	-2.77926e-07	
605	1.709488e-02	2.423892e-09	-1.70538e-03	-2.71315e-07	
606	1.719488e-02	-1.73654e-09	-1.70518e-03	-2.77924e-07	
607	1.729488e-02	2.250258e-09	-1.70538e-03	-2.71318e-07	
608	1.739488e-02	-1.91036e-09	-1.70518e-03	-2.77923e-07	
609	1.749488e-02	2.074886e-09	-1.70538e-03	-2.71321e-07	
610	1.759488e-02	-2.08520e-09	-1.70518e-03	-2.77922e-07	
611	1.769488e-02	1.899227e-09	-1.70538e-03	-2.71324e-07	
612	1.779488e-02	-2.25960e-09	-1.70518e-03	-2.77921e-07	
613	1.789488e-02	1.724738e-09	-1.70538e-03	-2.71326e-07	
614	1.799488e-02	-2.43209e-09	-1.70518e-03	-2.77919e-07	
615	1.809488e-02	1.552875e-09	-1.70538e-03	-2.71329e-07	
616	1.819488e-02	-2.60123e-09	-1.70518e-03	-2.77918e-07	
617	1.829488e-02	1.385089e-09	-1.70538e-03	-2.71332e-07	
618	1.839488e-02	-2.76556e-09	-1.70518e-03	-2.77917e-07	
619	1.849488e-02	1.222820e-09	-1.70538e-03	-2.71335e-07	
620	1.859488e-02	-2.92365e-09	-1.70518e-03	-2.77916e-07	
621	1.869488e-02	1.067497e-09	-1.70538e-03	-2.71337e-07	
622	1.879488e-02	-3.07406e-09	-1.70518e-03	-2.77914e-07	
623	1.889488e-02	9.205298e-10	-1.70538e-03	-2.71340e-07	
624	1.899488e-02	-3.21541e-09	-1.70518e-03	-2.77913e-07	
625	1.909488e-02	7.833067e-10	-1.70538e-03	-2.71342e-07	
626	1.919488e-02	-3.34631e-09	-1.70518e-03	-2.77911e-07	
627	1.929488e-02	6.571924e-10	-1.70538e-03	-2.71345e-07	
628	1.939488e-02	-3.46541e-09	-1.70518e-03	-2.77909e-07	
629	1.949488e-02	5.435219e-10	-1.70538e-03	-2.71347e-07	
630	1.959488e-02	-3.57138e-09	-1.70518e-03	-2.77908e-07	
631	1.969488e-02	4.435913e-10	-1.70538e-03	-2.71349e-07	
632	1.979488e-02	-3.66295e-09	-1.70518e-03	-2.77906e-07	
633	1.989488e-02	3.586416e-10	-1.70538e-03	-2.71351e-07	
634	1.999488e-02	-3.73890e-09	-1.70518e-03	-2.77904e-07	

Index   time            v1#branch       v2#branch       v3#branch       
--------------------------------------------------------------------------------
635	2.000000e-02	3.158133e-10	-1.70538e-03	-2.71372e-07	

                    * c:\users\vansh\esim-workspace\a\a.cir
                    Transient Analysis  Tue Mar 08 01:26:28  2022
--------------------------------------------------------------------------------
Index   time            v4#branch       
--------------------------------------------------------------------------------
0	0.000000e+00	-1.44819e-02	
1	1.000000e-06	-1.44819e-02	
2	2.000000e-06	-1.44819e-02	
3	4.000000e-06	-1.44819e-02	
4	8.000000e-06	-1.44819e-02	
5	1.600000e-05	-1.44819e-02	
6	3.200000e-05	-1.44819e-02	
7	6.400000e-05	-1.44819e-02	
8	1.280000e-04	-1.44819e-02	
9	2.280000e-04	-1.44819e-02	
10	3.280000e-04	-1.44819e-02	
11	4.280000e-04	-1.44819e-02	
12	5.280000e-04	-1.44819e-02	
13	6.280000e-04	-1.44819e-02	
14	7.280000e-04	-1.44819e-02	
15	8.280000e-04	-1.44819e-02	
16	9.280000e-04	-1.44819e-02	
17	1.028000e-03	-1.44819e-02	
18	1.094199e-03	-1.44819e-02	
19	1.133770e-03	-1.44819e-02	
20	1.174762e-03	-1.44819e-02	
21	1.199610e-03	-1.44819e-02	
22	1.235163e-03	-1.44820e-02	
23	1.306269e-03	-1.44820e-02	
24	1.352693e-03	-1.44820e-02	
25	1.380926e-03	-1.44824e-02	
26	1.391448e-03	-1.44833e-02	
27	1.397409e-03	-1.44846e-02	
28	1.403314e-03	-1.44867e-02	
29	1.408247e-03	-1.44890e-02	
30	1.410680e-03	-1.44897e-02	
31	1.414689e-03	-1.44901e-02	
32	1.417896e-03	-1.44902e-02	
33	1.421547e-03	-1.44903e-02	
34	1.426130e-03	-1.44905e-02	
35	1.432535e-03	-1.44906e-02	
36	1.439312e-03	-1.44907e-02	
37	1.452864e-03	-1.44900e-02	
38	1.462837e-03	-1.44876e-02	
39	1.468406e-03	-1.44828e-02	
40	1.472063e-03	-1.44743e-02	
41	1.473937e-03	-1.44642e-02	
42	1.475424e-03	-1.44480e-02	
43	1.476584e-03	-1.44235e-02	
44	1.477725e-03	-1.43789e-02	
45	1.478640e-03	-1.43241e-02	
46	1.479383e-03	-1.42664e-02	
47	1.480243e-03	-1.41851e-02	
48	1.481564e-03	-1.40302e-02	
49	1.483886e-03	-1.36719e-02	
50	1.486178e-03	-1.32141e-02	
51	1.489820e-03	-1.22890e-02	
52	1.494849e-03	-1.06564e-02	
53	1.500883e-03	-8.24833e-03	
54	1.506898e-03	-5.47459e-03	

Index   time            v4#branch       
--------------------------------------------------------------------------------
55	1.510738e-03	-3.56028e-03	
56	1.512999e-03	-2.40189e-03	
57	1.514230e-03	-1.78373e-03	
58	1.514840e-03	-1.59138e-03	
59	1.515105e-03	-1.58629e-03	
60	1.515369e-03	-1.58298e-03	
61	1.515667e-03	-1.58007e-03	
62	1.516016e-03	-1.57627e-03	
63	1.516714e-03	-1.56943e-03	
64	1.517531e-03	-1.56096e-03	
65	1.518990e-03	-1.54631e-03	
66	1.520908e-03	-1.52623e-03	
67	1.524623e-03	-1.48676e-03	
68	1.530667e-03	-1.41819e-03	
69	1.533448e-03	-1.38500e-03	
70	1.535181e-03	-1.36335e-03	
71	1.536740e-03	-1.34341e-03	
72	1.537526e-03	-1.33256e-03	
73	1.537912e-03	-1.32721e-03	
74	1.538198e-03	-1.32273e-03	
75	1.538369e-03	-1.32003e-03	
76	1.538478e-03	-1.31713e-03	
77	1.538548e-03	-1.31142e-03	
78	1.538600e-03	-1.29794e-03	
79	1.538647e-03	-1.27128e-03	
80	1.538699e-03	-1.21995e-03	
81	1.538754e-03	-1.14226e-03	
82	1.538823e-03	-1.02812e-03	
83	1.538886e-03	-9.32564e-04	
84	1.538923e-03	-8.90779e-04	
85	1.538951e-03	-8.68393e-04	
86	1.538984e-03	-8.49902e-04	
87	1.539003e-03	-8.41190e-04	
88	1.539021e-03	-8.34082e-04	
89	1.539043e-03	-8.27842e-04	
90	1.539066e-03	-8.23146e-04	
91	1.539089e-03	-8.20275e-04	
92	1.539117e-03	-8.17942e-04	
93	1.539143e-03	-8.16743e-04	
94	1.539174e-03	-8.15620e-04	
95	1.539206e-03	-8.14990e-04	
96	1.539250e-03	-8.14198e-04	
97	1.539297e-03	-8.13679e-04	
98	1.539365e-03	-8.12798e-04	
99	1.539447e-03	-8.11986e-04	
100	1.539590e-03	-8.10362e-04	
101	1.539795e-03	-8.08384e-04	
102	1.539942e-03	-8.07006e-04	
103	1.540059e-03	-8.06344e-04	
104	1.540135e-03	-8.05973e-04	
105	1.540205e-03	-8.05931e-04	
106	1.540244e-03	-8.05802e-04	
107	1.540296e-03	-8.05860e-04	
108	1.540358e-03	-8.05753e-04	
109	1.540430e-03	-8.05825e-04	
110	1.540511e-03	-8.05685e-04	
111	1.540620e-03	-8.05295e-04	
112	1.540687e-03	-8.03778e-04	

Index   time            v4#branch       
--------------------------------------------------------------------------------
113	1.540767e-03	-8.00760e-04	
114	1.540840e-03	-7.97226e-04	
115	1.540905e-03	-7.94860e-04	
116	1.540957e-03	-7.93273e-04	
117	1.541018e-03	-7.92218e-04	
118	1.541080e-03	-7.91421e-04	
119	1.541149e-03	-7.91039e-04	
120	1.541229e-03	-7.90666e-04	
121	1.541332e-03	-7.90590e-04	
122	1.541456e-03	-7.90432e-04	
123	1.541625e-03	-7.90499e-04	
124	1.541862e-03	-7.90406e-04	
125	1.542241e-03	-7.90500e-04	
126	1.543000e-03	-7.90413e-04	
127	1.544517e-03	-7.90513e-04	
128	1.547551e-03	-7.90438e-04	
129	1.553619e-03	-7.90555e-04	
130	1.565756e-03	-7.90499e-04	
131	1.590029e-03	-7.90636e-04	
132	1.638413e-03	-7.90611e-04	
133	1.706675e-03	-7.90788e-04	
134	1.791488e-03	-7.90794e-04	
135	1.875351e-03	-7.90972e-04	
136	1.975351e-03	-7.90970e-04	
137	2.075351e-03	-7.91135e-04	
138	2.175351e-03	-7.91102e-04	
139	2.275351e-03	-7.91237e-04	
140	2.375351e-03	-7.91172e-04	
141	2.475351e-03	-7.91274e-04	
142	2.575351e-03	-7.91176e-04	
143	2.675351e-03	-7.91245e-04	
144	2.775351e-03	-7.91115e-04	
145	2.875351e-03	-7.91152e-04	
146	2.975351e-03	-7.90990e-04	
147	3.075351e-03	-7.90996e-04	
148	3.175351e-03	-7.90805e-04	
149	3.275351e-03	-7.90782e-04	
150	3.375351e-03	-7.90562e-04	
151	3.459146e-03	-7.90457e-04	
152	3.484301e-03	-7.89967e-04	
153	3.498387e-03	-7.89395e-04	
154	3.506399e-03	-7.88647e-04	
155	3.513279e-03	-7.87989e-04	
156	3.518114e-03	-7.87249e-04	
157	3.521384e-03	-7.86816e-04	
158	3.523068e-03	-7.86318e-04	
159	3.524440e-03	-7.85953e-04	
160	3.525683e-03	-7.85203e-04	
161	3.527072e-03	-7.84361e-04	
162	3.528430e-03	-7.83337e-04	
163	3.529067e-03	-7.83052e-04	
164	3.529365e-03	-7.82878e-04	
165	3.529592e-03	-7.83001e-04	
166	3.529827e-03	-7.83042e-04	
167	3.530240e-03	-7.83565e-04	
168	3.530734e-03	-7.84235e-04	
169	3.531388e-03	-7.85619e-04	
170	3.532260e-03	-7.87632e-04	

Index   time            v4#branch       
--------------------------------------------------------------------------------
171	3.532661e-03	-7.88961e-04	
172	3.532916e-03	-7.90286e-04	
173	3.533063e-03	-7.92231e-04	
174	3.533174e-03	-7.94989e-04	
175	3.533274e-03	-7.99905e-04	
176	3.533372e-03	-8.08172e-04	
177	3.533477e-03	-8.23869e-04	
178	3.533576e-03	-8.47121e-04	
179	3.533611e-03	-8.61201e-04	
180	3.533643e-03	-8.74990e-04	
181	3.533670e-03	-8.86879e-04	
182	3.533700e-03	-9.01864e-04	
183	3.533759e-03	-9.35667e-04	
184	3.533816e-03	-9.73042e-04	
185	3.533913e-03	-1.04636e-03	
186	3.534017e-03	-1.13352e-03	
187	3.534159e-03	-1.25269e-03	
188	3.534287e-03	-1.33315e-03	
189	3.534363e-03	-1.34746e-03	
190	3.534429e-03	-1.34205e-03	
191	3.534507e-03	-1.33138e-03	
192	3.534556e-03	-1.33050e-03	
193	3.534614e-03	-1.32957e-03	
194	3.534678e-03	-1.32857e-03	
195	3.534769e-03	-1.32876e-03	
196	3.534869e-03	-1.32863e-03	
197	3.535007e-03	-1.32940e-03	
198	3.535173e-03	-1.32985e-03	
199	3.535419e-03	-1.33121e-03	
200	3.535778e-03	-1.33267e-03	
201	3.536382e-03	-1.33592e-03	
202	3.537285e-03	-1.34051e-03	
203	3.538596e-03	-1.34831e-03	
204	3.540722e-03	-1.36160e-03	
205	3.544232e-03	-1.38699e-03	
206	3.550269e-03	-1.43618e-03	
207	3.560426e-03	-1.52950e-03	
208	3.563211e-03	-1.55623e-03	
209	3.565530e-03	-1.57935e-03	
210	3.566589e-03	-1.59146e-03	
211	3.567019e-03	-1.65505e-03	
212	3.567289e-03	-1.77482e-03	
213	3.567549e-03	-1.90364e-03	
214	3.567835e-03	-2.05091e-03	
215	3.568263e-03	-2.27631e-03	
216	3.568829e-03	-2.57964e-03	
217	3.569587e-03	-2.99033e-03	
218	3.570644e-03	-3.56875e-03	
219	3.572050e-03	-4.34575e-03	
220	3.574242e-03	-5.56919e-03	
221	3.577581e-03	-7.45149e-03	
222	3.583878e-03	-1.10390e-02	
223	3.586766e-03	-1.26928e-02	
224	3.588631e-03	-1.37598e-02	
225	3.589516e-03	-1.42650e-02	
226	3.589852e-03	-1.44427e-02	
227	3.589976e-03	-1.44707e-02	
228	3.590091e-03	-1.44813e-02	

Index   time            v4#branch       
--------------------------------------------------------------------------------
229	3.590137e-03	-1.44829e-02	
230	3.590203e-03	-1.44847e-02	
231	3.590282e-03	-1.44864e-02	
232	3.590355e-03	-1.44870e-02	
233	3.590447e-03	-1.44879e-02	
234	3.590546e-03	-1.44882e-02	
235	3.590694e-03	-1.44889e-02	
236	3.590839e-03	-1.44889e-02	
237	3.591070e-03	-1.44893e-02	
238	3.591328e-03	-1.44892e-02	
239	3.591686e-03	-1.44894e-02	
240	3.592148e-03	-1.44892e-02	
241	3.592758e-03	-1.44893e-02	
242	3.593701e-03	-1.44890e-02	
243	3.595219e-03	-1.44889e-02	
244	3.597993e-03	-1.44881e-02	
245	3.603541e-03	-1.44866e-02	
246	3.606954e-03	-1.44854e-02	
247	3.610697e-03	-1.44846e-02	
248	3.614670e-03	-1.44837e-02	
249	3.618595e-03	-1.44834e-02	
250	3.622584e-03	-1.44828e-02	
251	3.627260e-03	-1.44827e-02	
252	3.631857e-03	-1.44823e-02	
253	3.636152e-03	-1.44824e-02	
254	3.640336e-03	-1.44821e-02	
255	3.644919e-03	-1.44822e-02	
256	3.650105e-03	-1.44820e-02	
257	3.655750e-03	-1.44821e-02	
258	3.663492e-03	-1.44819e-02	
259	3.670729e-03	-1.44821e-02	
260	3.685203e-03	-1.44819e-02	
261	3.698290e-03	-1.44820e-02	
262	3.724465e-03	-1.44818e-02	
263	3.756064e-03	-1.44820e-02	
264	3.819261e-03	-1.44818e-02	
265	3.895199e-03	-1.44820e-02	
266	3.995199e-03	-1.44818e-02	
267	4.095199e-03	-1.44820e-02	
268	4.195199e-03	-1.44818e-02	
269	4.295199e-03	-1.44820e-02	
270	4.395199e-03	-1.44818e-02	
271	4.495199e-03	-1.44820e-02	
272	4.595199e-03	-1.44818e-02	
273	4.695199e-03	-1.44820e-02	
274	4.795199e-03	-1.44818e-02	
275	4.895199e-03	-1.44820e-02	
276	4.995199e-03	-1.44818e-02	
277	5.095199e-03	-1.44820e-02	
278	5.195199e-03	-1.44818e-02	
279	5.295199e-03	-1.44820e-02	
280	5.395199e-03	-1.44818e-02	
281	5.495199e-03	-1.44820e-02	
282	5.595199e-03	-1.44818e-02	
283	5.695199e-03	-1.44820e-02	
284	5.795199e-03	-1.44818e-02	
285	5.895199e-03	-1.44820e-02	
286	5.995199e-03	-1.44818e-02	

Index   time            v4#branch       
--------------------------------------------------------------------------------
287	6.095199e-03	-1.44820e-02	
288	6.195199e-03	-1.44818e-02	
289	6.295199e-03	-1.44820e-02	
290	6.395199e-03	-1.44818e-02	
291	6.495199e-03	-1.44820e-02	
292	6.595199e-03	-1.44818e-02	
293	6.695199e-03	-1.44820e-02	
294	6.795199e-03	-1.44818e-02	
295	6.895199e-03	-1.44820e-02	
296	6.995199e-03	-1.44818e-02	
297	7.095199e-03	-1.44820e-02	
298	7.195199e-03	-1.44818e-02	
299	7.295199e-03	-1.44820e-02	
300	7.395199e-03	-1.44818e-02	
301	7.495199e-03	-1.44820e-02	
302	7.595199e-03	-1.44818e-02	
303	7.695199e-03	-1.44820e-02	
304	7.795199e-03	-1.44818e-02	
305	7.895199e-03	-1.44820e-02	
306	7.995199e-03	-1.44818e-02	
307	8.095199e-03	-1.44820e-02	
308	8.195199e-03	-1.44818e-02	
309	8.295199e-03	-1.44820e-02	
310	8.395199e-03	-1.44818e-02	
311	8.495199e-03	-1.44820e-02	
312	8.595199e-03	-1.44818e-02	
313	8.695199e-03	-1.44820e-02	
314	8.795199e-03	-1.44818e-02	
315	8.895199e-03	-1.44820e-02	
316	8.995199e-03	-1.44818e-02	
317	9.095199e-03	-1.44820e-02	
318	9.195199e-03	-1.44818e-02	
319	9.295199e-03	-1.44820e-02	
320	9.395199e-03	-1.44818e-02	
321	9.495199e-03	-1.44820e-02	
322	9.595199e-03	-1.44818e-02	
323	9.695199e-03	-1.44820e-02	
324	9.795199e-03	-1.44818e-02	
325	9.895199e-03	-1.44820e-02	
326	9.995199e-03	-1.44818e-02	
327	1.009520e-02	-1.44820e-02	
328	1.019520e-02	-1.44818e-02	
329	1.029520e-02	-1.44820e-02	
330	1.039520e-02	-1.44818e-02	
331	1.049520e-02	-1.44820e-02	
332	1.059520e-02	-1.44818e-02	
333	1.069520e-02	-1.44820e-02	
334	1.079520e-02	-1.44818e-02	
335	1.089520e-02	-1.44820e-02	
336	1.099520e-02	-1.44818e-02	
337	1.109520e-02	-1.44820e-02	
338	1.119520e-02	-1.44818e-02	
339	1.129520e-02	-1.44820e-02	
340	1.134255e-02	-1.44818e-02	
341	1.137322e-02	-1.44820e-02	
342	1.138420e-02	-1.44821e-02	
343	1.138924e-02	-1.44830e-02	
344	1.139404e-02	-1.44837e-02	

Index   time            v4#branch       
--------------------------------------------------------------------------------
345	1.139886e-02	-1.44851e-02	
346	1.140384e-02	-1.44869e-02	
347	1.140946e-02	-1.44893e-02	
348	1.141274e-02	-1.44898e-02	
349	1.141642e-02	-1.44903e-02	
350	1.142123e-02	-1.44903e-02	
351	1.142691e-02	-1.44906e-02	
352	1.143346e-02	-1.44906e-02	
353	1.144337e-02	-1.44907e-02	
354	1.145431e-02	-1.44897e-02	
355	1.146592e-02	-1.44861e-02	
356	1.147044e-02	-1.44796e-02	
357	1.147362e-02	-1.44676e-02	
358	1.147530e-02	-1.44514e-02	
359	1.147682e-02	-1.44186e-02	
360	1.147808e-02	-1.43628e-02	
361	1.147886e-02	-1.43121e-02	
362	1.147966e-02	-1.42450e-02	
363	1.148054e-02	-1.41573e-02	
364	1.148227e-02	-1.39356e-02	
365	1.148567e-02	-1.33290e-02	
366	1.148907e-02	-1.25019e-02	
367	1.149382e-02	-1.10258e-02	
368	1.150039e-02	-8.46591e-03	
369	1.150953e-02	-4.19607e-03	
370	1.151262e-02	-2.62022e-03	
371	1.151450e-02	-1.68336e-03	
372	1.151517e-02	-1.58540e-03	
373	1.151560e-02	-1.58163e-03	
374	1.151587e-02	-1.57790e-03	
375	1.151620e-02	-1.57551e-03	
376	1.151667e-02	-1.56979e-03	
377	1.151724e-02	-1.56494e-03	
378	1.151806e-02	-1.55569e-03	
379	1.151941e-02	-1.54285e-03	
380	1.152154e-02	-1.51968e-03	
381	1.152411e-02	-1.49317e-03	
382	1.152924e-02	-1.43490e-03	
383	1.153407e-02	-1.37833e-03	
384	1.153586e-02	-1.35477e-03	
385	1.153677e-02	-1.34395e-03	
386	1.153781e-02	-1.32880e-03	
387	1.153817e-02	-1.32435e-03	
388	1.153841e-02	-1.31972e-03	
389	1.153854e-02	-1.31656e-03	
390	1.153863e-02	-1.30323e-03	
391	1.153868e-02	-1.27790e-03	
392	1.153873e-02	-1.23321e-03	
393	1.153879e-02	-1.15731e-03	
394	1.153885e-02	-1.05335e-03	
395	1.153891e-02	-9.61353e-04	
396	1.153895e-02	-9.02249e-04	
397	1.153898e-02	-8.75725e-04	
398	1.153901e-02	-8.55877e-04	
399	1.153905e-02	-8.40714e-04	
400	1.153907e-02	-8.33245e-04	
401	1.153909e-02	-8.26765e-04	
402	1.153911e-02	-8.22159e-04	

Index   time            v4#branch       
--------------------------------------------------------------------------------
403	1.153914e-02	-8.19494e-04	
404	1.153917e-02	-8.17526e-04	
405	1.153919e-02	-8.16502e-04	
406	1.153922e-02	-8.15369e-04	
407	1.153926e-02	-8.14855e-04	
408	1.153930e-02	-8.13993e-04	
409	1.153936e-02	-8.13552e-04	
410	1.153942e-02	-8.12545e-04	
411	1.153952e-02	-8.11718e-04	
412	1.153967e-02	-8.09913e-04	
413	1.153994e-02	-8.07489e-04	
414	1.154006e-02	-8.06374e-04	
415	1.154014e-02	-8.06258e-04	
416	1.154021e-02	-8.05841e-04	
417	1.154025e-02	-8.05989e-04	
418	1.154031e-02	-8.05725e-04	
419	1.154037e-02	-8.05914e-04	
420	1.154043e-02	-8.05686e-04	
421	1.154051e-02	-8.05874e-04	
422	1.154060e-02	-8.05539e-04	
423	1.154067e-02	-8.05216e-04	
424	1.154073e-02	-8.03665e-04	
425	1.154081e-02	-8.00955e-04	
426	1.154088e-02	-7.97191e-04	
427	1.154095e-02	-7.94902e-04	
428	1.154100e-02	-7.93192e-04	
429	1.154106e-02	-7.92259e-04	
430	1.154112e-02	-7.91355e-04	
431	1.154119e-02	-7.91087e-04	
432	1.154127e-02	-7.90611e-04	
433	1.154138e-02	-7.90639e-04	
434	1.154150e-02	-7.90381e-04	
435	1.154167e-02	-7.90550e-04	
436	1.154191e-02	-7.90356e-04	
437	1.154231e-02	-7.90550e-04	
438	1.154309e-02	-7.90363e-04	
439	1.154429e-02	-7.90562e-04	
440	1.154669e-02	-7.90383e-04	
441	1.155149e-02	-7.90597e-04	
442	1.156110e-02	-7.90436e-04	
443	1.158032e-02	-7.90670e-04	
444	1.161876e-02	-7.90535e-04	
445	1.167902e-02	-7.90805e-04	
446	1.176580e-02	-7.90715e-04	
447	1.185283e-02	-7.91000e-04	
448	1.195090e-02	-7.90899e-04	
449	1.205090e-02	-7.91169e-04	
450	1.215090e-02	-7.91039e-04	
451	1.225090e-02	-7.91278e-04	
452	1.235090e-02	-7.91117e-04	
453	1.245090e-02	-7.91323e-04	
454	1.255090e-02	-7.91129e-04	
455	1.265090e-02	-7.91303e-04	
456	1.275090e-02	-7.91076e-04	
457	1.285090e-02	-7.91217e-04	
458	1.295090e-02	-7.90959e-04	
459	1.305090e-02	-7.91069e-04	
460	1.315090e-02	-7.90780e-04	

Index   time            v4#branch       
--------------------------------------------------------------------------------
461	1.325090e-02	-7.90861e-04	
462	1.335090e-02	-7.90545e-04	
463	1.342718e-02	-7.90625e-04	
464	1.346973e-02	-7.90214e-04	
465	1.348990e-02	-7.89906e-04	
466	1.350142e-02	-7.89033e-04	
467	1.350834e-02	-7.88595e-04	
468	1.351491e-02	-7.87643e-04	
469	1.351916e-02	-7.87233e-04	
470	1.352204e-02	-7.86543e-04	
471	1.352360e-02	-7.86307e-04	
472	1.352493e-02	-7.85584e-04	
473	1.352620e-02	-7.85009e-04	
474	1.352755e-02	-7.83886e-04	
475	1.352887e-02	-7.83195e-04	
476	1.352927e-02	-7.82837e-04	
477	1.352955e-02	-7.83035e-04	
478	1.352982e-02	-7.82977e-04	
479	1.353013e-02	-7.83484e-04	
480	1.353059e-02	-7.83933e-04	
481	1.353110e-02	-7.85080e-04	
482	1.353202e-02	-7.86944e-04	
483	1.353268e-02	-7.89044e-04	
484	1.353301e-02	-7.91240e-04	
485	1.353318e-02	-7.95347e-04	
486	1.353329e-02	-8.00679e-04	
487	1.353339e-02	-8.09822e-04	
488	1.353348e-02	-8.24639e-04	
489	1.353359e-02	-8.49530e-04	
490	1.353362e-02	-8.62983e-04	
491	1.353365e-02	-8.77923e-04	
492	1.353368e-02	-8.88542e-04	
493	1.353370e-02	-9.02522e-04	
494	1.353376e-02	-9.33379e-04	
495	1.353384e-02	-9.87182e-04	
496	1.353393e-02	-1.06005e-03	
497	1.353405e-02	-1.16290e-03	
498	1.353420e-02	-1.28224e-03	
499	1.353430e-02	-1.33505e-03	
500	1.353438e-02	-1.34739e-03	
501	1.353447e-02	-1.33729e-03	
502	1.353455e-02	-1.32954e-03	
503	1.353460e-02	-1.33011e-03	
504	1.353467e-02	-1.32853e-03	
505	1.353474e-02	-1.32879e-03	
506	1.353485e-02	-1.32857e-03	
507	1.353497e-02	-1.32921e-03	
508	1.353515e-02	-1.32973e-03	
509	1.353534e-02	-1.33082e-03	
510	1.353572e-02	-1.33240e-03	
511	1.353618e-02	-1.33482e-03	
512	1.353710e-02	-1.33951e-03	
513	1.353820e-02	-1.34592e-03	
514	1.354026e-02	-1.35855e-03	
515	1.354324e-02	-1.37949e-03	
516	1.354875e-02	-1.42320e-03	
517	1.355891e-02	-1.51491e-03	
518	1.356235e-02	-1.54788e-03	

Index   time            v4#branch       
--------------------------------------------------------------------------------
519	1.356502e-02	-1.57421e-03	
520	1.356616e-02	-1.58572e-03	
521	1.356685e-02	-1.60713e-03	
522	1.356717e-02	-1.71884e-03	
523	1.356749e-02	-1.87103e-03	
524	1.356777e-02	-2.01550e-03	
525	1.356807e-02	-2.17370e-03	
526	1.356867e-02	-2.49513e-03	
527	1.356947e-02	-2.92568e-03	
528	1.357096e-02	-3.74434e-03	
529	1.357239e-02	-4.53644e-03	
530	1.357519e-02	-6.09843e-03	
531	1.357913e-02	-8.33061e-03	
532	1.358460e-02	-1.14543e-02	
533	1.358735e-02	-1.30294e-02	
534	1.358890e-02	-1.39122e-02	
535	1.358966e-02	-1.43478e-02	
536	1.358993e-02	-1.44635e-02	
537	1.359001e-02	-1.44749e-02	
538	1.359008e-02	-1.44803e-02	
539	1.359014e-02	-1.44829e-02	
540	1.359021e-02	-1.44847e-02	
541	1.359029e-02	-1.44865e-02	
542	1.359036e-02	-1.44869e-02	
543	1.359046e-02	-1.44881e-02	
544	1.359055e-02	-1.44881e-02	
545	1.359069e-02	-1.44890e-02	
546	1.359082e-02	-1.44888e-02	
547	1.359102e-02	-1.44894e-02	
548	1.359126e-02	-1.44891e-02	
549	1.359163e-02	-1.44895e-02	
550	1.359210e-02	-1.44891e-02	
551	1.359286e-02	-1.44894e-02	
552	1.359382e-02	-1.44888e-02	
553	1.359575e-02	-1.44889e-02	
554	1.359959e-02	-1.44876e-02	
555	1.360329e-02	-1.44868e-02	
556	1.360635e-02	-1.44854e-02	
557	1.361061e-02	-1.44848e-02	
558	1.361473e-02	-1.44836e-02	
559	1.361860e-02	-1.44835e-02	
560	1.362273e-02	-1.44827e-02	
561	1.362753e-02	-1.44828e-02	
562	1.363191e-02	-1.44822e-02	
563	1.363651e-02	-1.44825e-02	
564	1.364137e-02	-1.44820e-02	
565	1.364713e-02	-1.44823e-02	
566	1.365460e-02	-1.44818e-02	
567	1.366324e-02	-1.44822e-02	
568	1.367592e-02	-1.44818e-02	
569	1.369191e-02	-1.44822e-02	
570	1.372001e-02	-1.44817e-02	
571	1.376198e-02	-1.44821e-02	
572	1.381770e-02	-1.44817e-02	
573	1.389488e-02	-1.44821e-02	
574	1.399488e-02	-1.44817e-02	
575	1.409488e-02	-1.44821e-02	
576	1.419488e-02	-1.44817e-02	

Index   time            v4#branch       
--------------------------------------------------------------------------------
577	1.429488e-02	-1.44821e-02	
578	1.439488e-02	-1.44817e-02	
579	1.449488e-02	-1.44821e-02	
580	1.459488e-02	-1.44817e-02	
581	1.469488e-02	-1.44821e-02	
582	1.479488e-02	-1.44817e-02	
583	1.489488e-02	-1.44821e-02	
584	1.499488e-02	-1.44817e-02	
585	1.509488e-02	-1.44821e-02	
586	1.519488e-02	-1.44817e-02	
587	1.529488e-02	-1.44821e-02	
588	1.539488e-02	-1.44817e-02	
589	1.549488e-02	-1.44821e-02	
590	1.559488e-02	-1.44817e-02	
591	1.569488e-02	-1.44821e-02	
592	1.579488e-02	-1.44817e-02	
593	1.589488e-02	-1.44821e-02	
594	1.599488e-02	-1.44817e-02	
595	1.609488e-02	-1.44821e-02	
596	1.619488e-02	-1.44817e-02	
597	1.629488e-02	-1.44821e-02	
598	1.639488e-02	-1.44817e-02	
599	1.649488e-02	-1.44821e-02	
600	1.659488e-02	-1.44817e-02	
601	1.669488e-02	-1.44821e-02	
602	1.679488e-02	-1.44817e-02	
603	1.689488e-02	-1.44821e-02	
604	1.699488e-02	-1.44817e-02	
605	1.709488e-02	-1.44821e-02	
606	1.719488e-02	-1.44817e-02	
607	1.729488e-02	-1.44821e-02	
608	1.739488e-02	-1.44817e-02	
609	1.749488e-02	-1.44821e-02	
610	1.759488e-02	-1.44817e-02	
611	1.769488e-02	-1.44821e-02	
612	1.779488e-02	-1.44817e-02	
613	1.789488e-02	-1.44821e-02	
614	1.799488e-02	-1.44817e-02	
615	1.809488e-02	-1.44821e-02	
616	1.819488e-02	-1.44817e-02	
617	1.829488e-02	-1.44821e-02	
618	1.839488e-02	-1.44817e-02	
619	1.849488e-02	-1.44821e-02	
620	1.859488e-02	-1.44817e-02	
621	1.869488e-02	-1.44821e-02	
622	1.879488e-02	-1.44817e-02	
623	1.889488e-02	-1.44821e-02	
624	1.899488e-02	-1.44817e-02	
625	1.909488e-02	-1.44821e-02	
626	1.919488e-02	-1.44817e-02	
627	1.929488e-02	-1.44821e-02	
628	1.939488e-02	-1.44817e-02	
629	1.949488e-02	-1.44821e-02	
630	1.959488e-02	-1.44817e-02	
631	1.969488e-02	-1.44821e-02	
632	1.979488e-02	-1.44817e-02	
633	1.989488e-02	-1.44821e-02	
634	1.999488e-02	-1.44817e-02	

Index   time            v4#branch       
--------------------------------------------------------------------------------
635	2.000000e-02	-1.44821e-02	
